0 0.291969 0.201165 0.386814 0.095878
0 0.554416 0.196237 0.148940 0.118877
0 0.697537 0.195042 0.148164 0.120072
0 0.835229 0.195042 0.141182 0.121266
0 0.165719 0.321237 0.136643 0.110215
0 0.305019 0.320490 0.140407 0.112903
0 0.502054 0.315412 0.256766 0.108722
0 0.707622 0.318100 0.121789 0.103345
0 0.843374 0.319295 0.121789 0.103345
0 0.231850 0.441010 0.280540 0.131123
0 0.434178 0.420251 0.138079 0.104540
0 0.560621 0.420251 0.121013 0.104540
0 0.705294 0.422640 0.117135 0.100956
0 0.842986 0.420848 0.122565 0.100956
0 0.279808 0.548387 0.383209 0.105137
0 0.545883 0.546296 0.155145 0.106930
0 0.763086 0.546296 0.290122 0.104540