0 0.257209 0.111355 0.070581 0.054252
0 0.361123 0.112822 0.067461 0.052949
0 0.464188 0.113636 0.074421 0.052949
0 0.256452 0.175749 0.067996 0.051727
0 0.360052 0.175546 0.067461 0.050505
0 0.461778 0.175342 0.069602 0.052542
0 0.587330 0.149479 0.146164 0.118117
0 0.760800 0.151312 0.160085 0.116080
0 0.256184 0.257413 0.068531 0.052134
0 0.360320 0.257209 0.069067 0.052542
0 0.258058 0.317286 0.073350 0.052134
0 0.360855 0.317082 0.069067 0.051727
0 0.461511 0.316878 0.070138 0.052949
0 0.461778 0.258227 0.068531 0.053763
0 0.586527 0.297124 0.152054 0.118524
0 0.765618 0.295495 0.144023 0.120968
0 0.256987 0.403633 0.067996 0.052949
0 0.360855 0.403633 0.067996 0.052949
0 0.462314 0.402819 0.070673 0.053763
0 0.462314 0.462080 0.069602 0.052542
0 0.361391 0.461673 0.069067 0.053356
0 0.256987 0.461266 0.069067 0.054171
0 0.587062 0.431940 0.150983 0.116080
0 0.760264 0.432551 0.145094 0.117302
0 0.266089 0.566145 0.115111 0.092050
0 0.380397 0.566553 0.113505 0.090420
0 0.494170 0.566145 0.116182 0.088791
0 0.610352 0.567164 0.117253 0.088384
0 0.266892 0.654529 0.114576 0.088791
0 0.381468 0.654326 0.116717 0.090828
0 0.496312 0.654936 0.114040 0.087162
0 0.610887 0.654529 0.115111 0.088791
0 0.752233 0.598729 0.156872 0.153144