0 0.361010 0.107079 0.183750 0.092294
0 0.372200 0.194892 0.175504 0.085125
0 0.523558 0.141129 0.110721 0.104839
0 0.636045 0.142921 0.104831 0.104839
0 0.749122 0.143369 0.114255 0.103943
0 0.860432 0.149642 0.122500 0.127240
0 0.315597 0.303078 0.103931 0.064305
0 0.420220 0.303078 0.106702 0.064305
0 0.523112 0.296490 0.100466 0.079591
0 0.631546 0.295962 0.106702 0.080645
0 0.743445 0.296226 0.107395 0.082226
0 0.862619 0.294908 0.124024 0.132300
0 0.389388 0.459098 0.244584 0.134936
0 0.772546 0.427472 0.096309 0.096985
0 0.875783 0.427999 0.096309 0.098039
0 0.775317 0.532100 0.097695 0.097512
0 0.872319 0.532891 0.090766 0.099093
0 0.372412 0.666509 0.231419 0.135463
0 0.614917 0.459361 0.207862 0.135463
0 0.601406 0.672307 0.226569 0.128083
0 0.774278 0.644107 0.099774 0.095931
0 0.878555 0.645952 0.092152 0.094350
0 0.775317 0.745309 0.094923 0.096985
0 0.877169 0.746890 0.094923 0.099093