0 0.346991 0.111480 0.135160 0.065887
0 0.487403 0.111480 0.134460 0.066941
0 0.627465 0.111480 0.142863 0.067995
0 0.346641 0.187118 0.133059 0.067468
0 0.490555 0.187118 0.133759 0.068522
0 0.631667 0.186591 0.137261 0.067468
0 0.348042 0.266182 0.127457 0.066414
0 0.487753 0.265655 0.130958 0.069576
0 0.632718 0.265918 0.136561 0.067995
0 0.328783 0.369755 0.199588 0.111217
0 0.516466 0.371073 0.170175 0.110689
0 0.689793 0.371337 0.175078 0.110162
0 0.223736 0.500474 0.203790 0.144950
0 0.411420 0.501529 0.175778 0.146005
0 0.596302 0.494940 0.193986 0.132827
0 0.782584 0.495994 0.192585 0.131773
0 0.184869 0.635147 0.114851 0.087497
0 0.297269 0.635147 0.115551 0.088552
0 0.406167 0.634619 0.113450 0.085389
0 0.573542 0.641735 0.211494 0.115433
0 0.773130 0.643053 0.196087 0.117015
0 0.199576 0.745836 0.102245 0.065359
0 0.300420 0.745572 0.086838 0.065887
0 0.396713 0.745836 0.094542 0.069576
0 0.493356 0.746627 0.095943 0.067995
0 0.201327 0.814358 0.107148 0.066414
0 0.301821 0.813040 0.092441 0.064832
0 0.397413 0.816203 0.098744 0.063778
0 0.729361 0.775090 0.285026 0.139680