0 0.162933 0.142772 0.155480 0.133811
0 0.325481 0.144863 0.158621 0.139188
0 0.496666 0.104540 0.124070 0.072879
0 0.615240 0.105436 0.127211 0.071087
0 0.617203 0.190562 0.123285 0.070490
0 0.495488 0.190263 0.123285 0.071087
0 0.744807 0.152031 0.116218 0.128435
0 0.866914 0.152927 0.118573 0.127838
0 0.422852 0.324970 0.133493 0.137395
0 0.842178 0.326165 0.130352 0.137395
0 0.855920 0.477599 0.132708 0.134409
0 0.436202 0.483274 0.128782 0.132616
0 0.441306 0.626643 0.113862 0.131422
0 0.863773 0.631422 0.120144 0.125448
0 0.172394 0.296717 0.109757 0.073721
0 0.284828 0.297532 0.107616 0.076165
0 0.174536 0.370235 0.109757 0.074128
0 0.285364 0.370235 0.110828 0.076572
0 0.597502 0.371049 0.111899 0.076572
0 0.596432 0.297735 0.107616 0.072499
0 0.708330 0.297328 0.106545 0.074128
0 0.708866 0.370438 0.108686 0.075350
0 0.170253 0.478576 0.124748 0.072499
0 0.291789 0.479391 0.121536 0.073314
0 0.601786 0.479798 0.123678 0.072499
0 0.722251 0.479187 0.121536 0.072092
0 0.182299 0.605653 0.131709 0.096937
0 0.311063 0.605450 0.129032 0.098159
0 0.595629 0.606672 0.130638 0.094086
0 0.726802 0.608504 0.131709 0.091235