0 0.241666 0.118459 0.089290 0.070609
0 0.329468 0.118728 0.088694 0.068996
0 0.423222 0.117384 0.089290 0.069892
0 0.512214 0.118280 0.092266 0.067204
0 0.240773 0.215502 0.086313 0.066308
0 0.329468 0.214606 0.088694 0.066308
0 0.423222 0.215726 0.089290 0.066756
0 0.511023 0.215278 0.091075 0.068548
0 0.649177 0.116935 0.117162 0.104839
0 0.775243 0.119624 0.119802 0.100358
0 0.650911 0.217070 0.111313 0.091846
0 0.777547 0.216846 0.122338 0.091398
0 0.215825 0.322805 0.107638 0.117832
0 0.314767 0.329133 0.078804 0.100022
0 0.393213 0.333557 0.081446 0.085573
0 0.562514 0.327285 0.207152 0.082885
0 0.761332 0.332885 0.165483 0.094982
0 0.216769 0.441980 0.095034 0.095430
0 0.335194 0.447749 0.094498 0.071125
0 0.430809 0.447749 0.095242 0.071125
0 0.548001 0.444668 0.110868 0.072805
0 0.654405 0.449429 0.085569 0.110327
0 0.783346 0.448477 0.140482 0.097670
0 0.219631 0.555556 0.113100 0.107527
0 0.330945 0.562276 0.114291 0.086918
0 0.428568 0.555556 0.085718 0.102151
0 0.524406 0.555556 0.105957 0.107527
0 0.639292 0.559588 0.092861 0.068996
0 0.728581 0.557796 0.090480 0.070789
0 0.817276 0.549731 0.089290 0.095878
0 0.211892 0.657706 0.085718 0.100358
0 0.321421 0.661290 0.085718 0.098566
0 0.413687 0.662186 0.084527 0.098566
0 0.532144 0.667115 0.095242 0.072581
0 0.623362 0.667065 0.091935 0.070689
0 0.722241 0.658104 0.084660 0.096575
0 0.814838 0.664576 0.087305 0.084628
0 0.274801 0.773596 0.207020 0.113501