0 0.202585 0.128584 0.182572 0.142473
0 0.404003 0.130376 0.177860 0.119176
0 0.586574 0.136649 0.140168 0.108423
0 0.739699 0.134409 0.142524 0.118280
0 0.875744 0.134857 0.122500 0.122760
0 0.207296 0.287186 0.168437 0.099462
0 0.401647 0.284050 0.170793 0.105735
0 0.575384 0.283602 0.141346 0.103047
0 0.725564 0.283602 0.140168 0.103047
0 0.869266 0.279570 0.135456 0.112903
0 0.395757 0.461470 0.566561 0.181004
0 0.758545 0.402778 0.102476 0.094086
0 0.866321 0.400986 0.098942 0.094086
0 0.759723 0.512993 0.102476 0.099462
0 0.870444 0.519713 0.109543 0.105735