0 0.222924 0.139278 0.263664 0.090775
0 0.428083 0.138889 0.101414 0.115708
0 0.559526 0.141226 0.095242 0.103241
0 0.686194 0.142512 0.091424 0.102228
0 0.805351 0.143954 0.096393 0.100904
0 0.209109 0.270765 0.232929 0.078697
0 0.419630 0.262843 0.111072 0.084379
0 0.530487 0.263404 0.111677 0.084005
0 0.697032 0.272129 0.132149 0.120383
0 0.856750 0.270181 0.146810 0.120383
0 0.231367 0.407706 0.278480 0.109475
0 0.525117 0.408290 0.277962 0.128565
0 0.809808 0.400693 0.241729 0.093891
0 0.164617 0.557282 0.112795 0.083709
0 0.292082 0.557624 0.114537 0.083614
0 0.422287 0.556875 0.114042 0.082894
0 0.616477 0.558672 0.215330 0.154278
0 0.832842 0.555556 0.204978 0.149603