0 0.311512 0.191308 0.161923 0.122760
0 0.429159 0.158154 0.083491 0.056452
0 0.426629 0.219534 0.091082 0.064516
0 0.575901 0.194892 0.204934 0.153226
0 0.766920 0.192204 0.164453 0.119176
0 0.313409 0.339606 0.158128 0.116487
0 0.465844 0.337366 0.159393 0.119176
0 0.622707 0.338710 0.164453 0.120072
0 0.740987 0.310036 0.079696 0.060932
0 0.739089 0.368728 0.083491 0.058244
0 0.310879 0.460125 0.163188 0.120968
0 0.467109 0.459229 0.159393 0.117384
0 0.622075 0.458781 0.160658 0.121864
0 0.739089 0.428315 0.080961 0.059140
0 0.739089 0.488799 0.083491 0.058244
0 0.224858 0.609319 0.185958 0.159498
0 0.407021 0.608871 0.180898 0.162186
0 0.594244 0.608871 0.180898 0.163978
0 0.773245 0.607975 0.174573 0.162186