0 0.331349 0.109618 0.207152 0.083035
0 0.487308 0.103943 0.085718 0.086022
0 0.575407 0.106033 0.090480 0.090203
0 0.710334 0.104241 0.171436 0.089008
0 0.308729 0.206093 0.185722 0.096774
0 0.449883 0.199726 0.071432 0.051405
0 0.516615 0.200434 0.068299 0.051877
0 0.584287 0.200198 0.068299 0.052349
0 0.666058 0.218119 0.086470 0.070270
0 0.751588 0.218355 0.089603 0.071685
0 0.286968 0.323760 0.125319 0.106112
0 0.410094 0.323760 0.105894 0.120260
0 0.557970 0.294992 0.080831 0.058951
0 0.634101 0.294520 0.078951 0.057065
0 0.635041 0.352292 0.078324 0.059423
0 0.557970 0.352056 0.078324 0.058008
0 0.735609 0.328004 0.105268 0.119317