0 0.307231 0.154053 0.444158 0.188172
0 0.732616 0.154398 0.384632 0.190240
0 0.254115 0.348773 0.332432 0.191618
0 0.706516 0.351530 0.438664 0.188861
0 0.356226 0.500758 0.426758 0.105459
0 0.202027 0.634092 0.111349 0.086443
0 0.309174 0.635147 0.108548 0.082226
0 0.418773 0.634619 0.113450 0.084335
0 0.590699 0.626713 0.130958 0.118069
0 0.743017 0.627767 0.182081 0.118069
0 0.258052 0.767710 0.266818 0.124921
0 0.480750 0.775617 0.112750 0.083808
0 0.595601 0.774826 0.109949 0.084335
0 0.698897 0.775617 0.093842 0.112271
0 0.819000 0.771136 0.153368 0.115960