0 0.261493 0.183220 0.213722 0.207980
0 0.474217 0.183220 0.211725 0.207036
0 0.708579 0.182277 0.253004 0.208923
0 0.315209 0.398274 0.326480 0.214582
0 0.555556 0.352663 0.157827 0.097713
0 0.741996 0.346049 0.217463 0.101553
0 0.555857 0.455923 0.088552 0.112221
0 0.658263 0.454856 0.093371 0.107527
0 0.749224 0.456563 0.084937 0.102407
0 0.716996 0.563023 0.263847 0.102833
0 0.259179 0.559822 0.212042 0.098140
0 0.474534 0.559822 0.215054 0.098993
0 0.260083 0.646441 0.216259 0.078512
0 0.473630 0.646868 0.213247 0.076805
0 0.261890 0.724100 0.213849 0.078512
0 0.474534 0.723246 0.215054 0.077658
0 0.261287 0.802398 0.213849 0.078938
0 0.475739 0.802611 0.215054 0.079365
0 0.658565 0.673312 0.130117 0.095557
0 0.785970 0.649642 0.127105 0.049070
0 0.644329 0.783814 0.109857 0.121675
0 0.718566 0.783579 0.038616 0.124033
0 0.795466 0.781692 0.107194 0.118374