0 0.504976 0.112271 0.670529 0.111744
0 0.285683 0.233766 0.136355 0.101729
0 0.419578 0.230867 0.127218 0.099093
0 0.613568 0.232184 0.134246 0.098566
0 0.748517 0.232184 0.137058 0.099620
0 0.284278 0.332859 0.130732 0.097512
0 0.420633 0.332595 0.133544 0.103310
0 0.608999 0.333386 0.125109 0.098566
0 0.743949 0.333122 0.136355 0.100148
0 0.284629 0.433007 0.130029 0.100675
0 0.418524 0.435906 0.133544 0.105419
0 0.611459 0.433007 0.128624 0.102783
0 0.745706 0.435115 0.130029 0.102783
0 0.370729 0.665718 0.267087 0.275142
0 0.650820 0.660447 0.287470 0.289901