0 0.255751 0.123285 0.198695 0.082190
0 0.408491 0.121740 0.099707 0.079100
0 0.505221 0.120781 0.100699 0.076538
0 0.605672 0.122088 0.109132 0.076912
0 0.708603 0.122461 0.100699 0.077658
0 0.809054 0.123208 0.100203 0.079152
0 0.214534 0.222521 0.136415 0.084379
0 0.337059 0.228868 0.100699 0.078405
0 0.432301 0.228495 0.092762 0.076165
0 0.530024 0.230735 0.104667 0.080645
0 0.660238 0.221774 0.152784 0.114247
0 0.799877 0.223828 0.129470 0.108647
0 0.209129 0.345281 0.103973 0.078256
0 0.306951 0.341398 0.090877 0.068698
0 0.397827 0.342145 0.091671 0.068996
0 0.488308 0.341547 0.087702 0.067802
0 0.580177 0.341547 0.093655 0.068996
0 0.723437 0.336619 0.150007 0.117085
0 0.209762 0.451613 0.105243 0.083871
0 0.306909 0.448746 0.088099 0.079570
0 0.394532 0.448566 0.087147 0.079211
0 0.485012 0.449462 0.089051 0.078136
0 0.595731 0.448746 0.100957 0.076703
0 0.690974 0.449462 0.088575 0.075986
0 0.778835 0.448925 0.091909 0.075627
0 0.214524 0.560036 0.087147 0.082796
0 0.304052 0.559677 0.084289 0.086380
0 0.393580 0.558781 0.084289 0.082437
0 0.484298 0.558781 0.089528 0.082437
0 0.600494 0.560036 0.085718 0.084946
0 0.687164 0.559140 0.085718 0.084588
0 0.774073 0.559857 0.087147 0.085305
0 0.216905 0.663441 0.146197 0.087455
0 0.384532 0.666667 0.090956 0.067384
0 0.480488 0.666487 0.090480 0.069176
0 0.705498 0.660215 0.163340 0.109677
0 0.218572 0.768100 0.141911 0.086738
0 0.385960 0.779749 0.090956 0.069892
0 0.479298 0.779749 0.090004 0.069176
0 0.703117 0.772939 0.155721 0.108602