0 0.195724 0.142051 0.119753 0.088024
0 0.316220 0.142249 0.116076 0.086246
0 0.532376 0.139449 0.290935 0.113127
0 0.216654 0.289875 0.154769 0.106631
0 0.409974 0.280578 0.117565 0.089606
0 0.526795 0.283378 0.117565 0.088486
0 0.735357 0.284498 0.289753 0.124328
0 0.177450 0.432068 0.115332 0.086806
0 0.295014 0.430388 0.115332 0.089046
0 0.407441 0.418179 0.107751 0.130264
0 0.545769 0.430668 0.119797 0.088486
0 0.664450 0.431508 0.116076 0.084565
0 0.822860 0.424787 0.209987 0.134969
0 0.168293 0.578741 0.112811 0.139561
0 0.288086 0.589214 0.114291 0.117496
0 0.411235 0.588318 0.122484 0.109207
0 0.590038 0.577117 0.132454 0.126008
0 0.719210 0.586918 0.124121 0.107527
0 0.842727 0.588318 0.109239 0.106967
0 0.176705 0.742047 0.116821 0.089606
0 0.296502 0.742888 0.119797 0.087926
0 0.407961 0.734543 0.111174 0.129480
0 0.546141 0.741487 0.114588 0.087366
0 0.664822 0.741207 0.118309 0.086806
0 0.836332 0.743448 0.178579 0.140569