0 0.187504 0.125000 0.127313 0.094086
0 0.306137 0.129032 0.116897 0.089606
0 0.421297 0.128136 0.118054 0.086022
0 0.241901 0.237007 0.182868 0.131720
0 0.415510 0.240591 0.178238 0.135305
0 0.569444 0.162186 0.148146 0.166667
0 0.765622 0.160842 0.255784 0.171147
0 0.803816 0.326165 0.158563 0.145161
0 0.803816 0.470430 0.153933 0.145161
0 0.236114 0.368168 0.196757 0.057572
0 0.234957 0.466398 0.192127 0.149642
0 0.432218 0.366543 0.188800 0.053203
0 0.431494 0.466510 0.190246 0.146729
0 0.626081 0.367384 0.190246 0.050403
0 0.625719 0.468470 0.190970 0.151770