0 0.361783 0.124888 0.317441 0.079525
0 0.614359 0.115087 0.106539 0.050963
0 0.251983 0.218694 0.122483 0.092406
0 0.374829 0.217854 0.121758 0.092966
0 0.496949 0.220094 0.119584 0.094086
0 0.686110 0.215334 0.216701 0.112567
0 0.263579 0.325941 0.097842 0.076165
0 0.382439 0.326221 0.100741 0.076725
0 0.501660 0.327061 0.100016 0.078405
0 0.616896 0.326501 0.101465 0.075045
0 0.723797 0.329301 0.109438 0.106407
0 0.849541 0.328181 0.133354 0.103047
0 0.296918 0.448029 0.194958 0.097446
0 0.569062 0.448589 0.284103 0.110887
0 0.258868 0.561716 0.091319 0.072805
0 0.358522 0.560876 0.092044 0.073365
0 0.454189 0.560316 0.090594 0.072245
0 0.553118 0.562276 0.089869 0.076165
0 0.654583 0.563116 0.094218 0.073365
0 0.775617 0.558916 0.121758 0.094086
0 0.257781 0.659162 0.093493 0.071685
0 0.355260 0.658322 0.101465 0.072245
0 0.459262 0.659162 0.093493 0.070565
0 0.558191 0.658042 0.092768 0.072805
0 0.659656 0.658322 0.094218 0.072245
0 0.775254 0.659442 0.109438 0.102487