0 0.284265 0.179211 0.286333 0.199890
0 0.544058 0.135809 0.089145 0.068884
0 0.544421 0.203853 0.088420 0.064964
0 0.660019 0.136929 0.090594 0.066644
0 0.660743 0.206373 0.087695 0.061044
0 0.777066 0.138049 0.091319 0.067764
0 0.777066 0.204133 0.085521 0.065524
0 0.899912 0.203293 0.089145 0.068324
0 0.899549 0.136929 0.094218 0.067764
0 0.219732 0.354503 0.131905 0.097446
0 0.368306 0.353943 0.134804 0.100806
0 0.542971 0.350862 0.172491 0.101366
0 0.810405 0.369064 0.271057 0.164651
0 0.398383 0.505992 0.509501 0.171931
0 0.261767 0.634801 0.115960 0.087926
0 0.378452 0.637041 0.111612 0.090166
0 0.496949 0.635361 0.115236 0.091286
0 0.656395 0.624720 0.186261 0.176411
0 0.854977 0.625560 0.203655 0.178091