0 0.337047 0.109595 0.104197 0.078577
0 0.440338 0.109250 0.106009 0.077888
0 0.543629 0.108905 0.102385 0.077199
0 0.649186 0.109595 0.105103 0.078577
0 0.336594 0.200924 0.105103 0.077888
0 0.441697 0.200234 0.103291 0.079267
0 0.544082 0.201958 0.101479 0.077199
0 0.650545 0.201958 0.109634 0.078577
0 0.344296 0.309829 0.131379 0.098566
0 0.481111 0.313620 0.135003 0.107527
0 0.624722 0.310863 0.135909 0.110284
0 0.342030 0.417011 0.132285 0.104770
0 0.477487 0.417701 0.140440 0.106148
0 0.627440 0.417011 0.139534 0.104770
0 0.330252 0.511442 0.105103 0.059278
0 0.433543 0.511787 0.105103 0.059967
0 0.536381 0.510753 0.106009 0.059278
0 0.637860 0.511097 0.107821 0.057210
0 0.337500 0.604494 0.132285 0.097877
0 0.474769 0.605528 0.138628 0.098566
0 0.628346 0.606907 0.135909 0.108216
0 0.433090 0.726151 0.312592 0.133030