0 0.300769 0.132488 0.075650 0.056750
0 0.387463 0.131208 0.075650 0.055897
0 0.299112 0.189879 0.082277 0.060591
0 0.382770 0.189879 0.080620 0.058030
0 0.487134 0.132488 0.072889 0.054190
0 0.570791 0.132275 0.073442 0.055470
0 0.481612 0.188812 0.078411 0.058457
0 0.567202 0.193506 0.078411 0.065284
0 0.673223 0.124168 0.100499 0.078512
0 0.785042 0.122675 0.109886 0.078085
0 0.679297 0.201613 0.110438 0.073818
0 0.789735 0.202680 0.101603 0.076805
0 0.352951 0.295699 0.208729 0.084485
0 0.655000 0.295272 0.345672 0.087899
0 0.370069 0.371864 0.246278 0.046510
0 0.370621 0.423067 0.246278 0.047363
0 0.593707 0.401946 0.193267 0.112647
0 0.780900 0.401519 0.182223 0.112647
0 0.535451 0.522487 0.590293 0.126728
0 0.532138 0.649002 0.596920 0.128008