0 0.292595 0.132417 0.121114 0.096575
0 0.412421 0.133413 0.114672 0.095579
0 0.533213 0.133413 0.124335 0.096575
0 0.292273 0.242931 0.120470 0.098566
0 0.410166 0.242931 0.112739 0.095579
0 0.516463 0.243429 0.098566 0.097571
0 0.651750 0.244176 0.138508 0.099064
0 0.801210 0.244673 0.157835 0.102051
0 0.312244 0.348218 0.141085 0.094086
0 0.460093 0.345231 0.143018 0.096077
0 0.632745 0.344733 0.162345 0.099064
0 0.322551 0.440064 0.093413 0.061728
0 0.423050 0.440064 0.081816 0.060733
0 0.321907 0.506023 0.088259 0.063222
0 0.414353 0.508015 0.096634 0.068200
0 0.515174 0.440313 0.081816 0.063222
0 0.508732 0.507517 0.095989 0.067204
0 0.612774 0.444046 0.100499 0.074671
0 0.712307 0.444544 0.085682 0.074671
0 0.800244 0.445042 0.091480 0.077658
0 0.614707 0.521705 0.074730 0.067702
0 0.705543 0.519962 0.069576 0.069196
0 0.819248 0.519464 0.125624 0.071187
0 0.337369 0.637445 0.193911 0.151832
0 0.557693 0.622511 0.186181 0.118977