0 0.387701 0.084335 0.181799 0.047438
0 0.190137 0.073266 0.056351 0.026355
0 0.304851 0.161554 0.132827 0.112271
0 0.447741 0.164980 0.135511 0.107527
0 0.602371 0.164189 0.144232 0.101729
0 0.729496 0.169460 0.097943 0.107000
0 0.325647 0.282785 0.170395 0.105946
0 0.469208 0.288320 0.103310 0.132827
0 0.641615 0.281467 0.178445 0.134936
0 0.785847 0.290692 0.110019 0.127029
0 0.307199 0.407706 0.149598 0.078537
0 0.470214 0.406652 0.112031 0.084862
0 0.579227 0.405598 0.108677 0.083808
0 0.695283 0.410869 0.084526 0.105946
0 0.789872 0.412713 0.092577 0.109635
0 0.326654 0.475701 0.181799 0.054291
0 0.304851 0.563989 0.131486 0.105419
0 0.443716 0.564253 0.127461 0.108054
0 0.583587 0.563462 0.133498 0.110689
0 0.729496 0.563198 0.136852 0.111217
0 0.290763 0.703669 0.099285 0.169724
0 0.411180 0.716846 0.105323 0.159182
0 0.569500 0.708676 0.130815 0.150221
0 0.729496 0.704723 0.128802 0.145478