0 0.260216 0.188172 0.202798 0.138889
0 0.487968 0.189012 0.195668 0.134969
0 0.740277 0.181172 0.247160 0.146169
0 0.214270 0.320341 0.166358 0.109767
0 0.378251 0.322301 0.160020 0.112567
0 0.539063 0.321461 0.163189 0.112007
0 0.678883 0.321461 0.127541 0.098566
0 0.804444 0.322581 0.126749 0.100806
0 0.212685 0.439068 0.163189 0.107527
0 0.377063 0.440748 0.162397 0.106407
0 0.539459 0.439348 0.156059 0.104727
0 0.681260 0.435148 0.129125 0.097446
0 0.800483 0.440468 0.131502 0.104727
0 0.218231 0.558076 0.158436 0.106967
0 0.376667 0.559756 0.160020 0.108087
0 0.535103 0.561436 0.155267 0.111447
0 0.682448 0.558076 0.137839 0.102487
0 0.801275 0.558076 0.136255 0.103607
0 0.219815 0.663082 0.134671 0.081765
0 0.361219 0.663922 0.137047 0.077845
0 0.507376 0.664203 0.139424 0.081765
0 0.651553 0.661122 0.134671 0.084565
0 0.798106 0.662802 0.137839 0.084565
0 0.220607 0.752408 0.133086 0.082325
0 0.359635 0.755768 0.129125 0.084565
0 0.506584 0.755208 0.134671 0.080085
0 0.648780 0.758009 0.137047 0.084565